{
  "schema_version": 1,
  "status": "rendered-pending-independent-ground-truth-annotation",
  "purpose": "RGB-only multi-direction inspection set for Benchmark Ground Truth annotation",
  "inspection_layout_version": "office-ground-truth-inspection-v1",
  "target_id": "gift_box",
  "source_ply": {
    "path": "/home/ubuntu/wormh01e/gaussian/office/lixel/filtered_lixel_office65.ply",
    "sha256": "6db1ece7024217f7e563af37a01fd7fffa2e1785cbf4d4856d02b873760e64d1",
    "gaussian_count": 3680541
  },
  "resolution": [1008, 1008],
  "horizontal_fov_degrees": 55.0,
  "seed_region_framing": {
    "seed_regions_manifest": "seed-regions.json",
    "seed_regions_manifest_sha256": "3cf7a5206b61a9718f4a86d391cabd3727249acfffc622fa72ca91dae09c2fb6",
    "stable_gaussian_id_count": 957,
    "center": [8.085037231445312, 0.6715866923332214, 0.13109342753887177],
    "extent": [0.30923891067504883, 0.14928710460662842, 0.2800044119358063],
    "scope_note": "Used only to frame inspection cameras. It is not a Benchmark Ground Truth label, candidate selection, or lifting result."
  },
  "independence": {
    "sam_masks_loaded": false,
    "lifting_results_loaded": false,
    "required_next_step": "An independent annotation pass must classify relevant Stable Gaussian IDs as selected, rejected, or ambiguous before lifting outputs are evaluated."
  },
  "inspection_requirements": {
    "required_roles": ["anchor", "opposite", "left", "right", "top", "bottom"],
    "additional_roles": ["oblique"]
  },
  "frames": [
    {
      "frame_index": 0,
      "view_id": "anchor",
      "inspection_role": "anchor",
      "file": "frames/00-anchor.png",
      "sha256": "c857d7c46a1158246e70b4d34f9bf35a373a10380d9da6dd5b1efba2bbeb0734",
      "camera_to_world": [
        [1.0, 0.0, 0.0, 8.017399787902832],
        [-0.0, -0.09950371831655502, 0.9950371384620667, -0.7211899757385254],
        [0.0, -0.9950371384620667, -0.09950371831655502, 0.699999988079071],
        [0.0, 0.0, 0.0, 1.0]
      ],
      "source": "frozen-anchor-image",
      "seed_projection_preflight": {
        "finite": true,
        "visible_seed_fraction": 0.9989550679205852,
        "seed_center_depth": 1.4773821830749512
      }
    },
    {
      "frame_index": 1,
      "view_id": "opposite",
      "inspection_role": "opposite",
      "file": "frames/01-opposite.png",
      "sha256": "ae9b0af1123fc8d4059c912af9fd423da87170b90b0760035ab5f0f79af2e0e1",
      "camera_to_world": [
        [
          -0.9988229274749756, 0.018323490396142006, -0.04491177946329117,
          8.152674674987793
        ],
        [
          0.04850585758686066, 0.37731364369392395, -0.9248144030570984,
          2.064363479614258
        ],
        [0.0, -0.9259043335914612, -0.37775829434394836, 0.699999988079071],
        [0.0, 0.0, 0.0, 1.0]
      ],
      "source": "service-rendered-inspection-view",
      "seed_projection_preflight": {
        "finite": true,
        "visible_seed_fraction": 0.9780564263322884,
        "seed_center_depth": 1.4684062004089355
      }
    },
    {
      "frame_index": 2,
      "view_id": "left_orbit",
      "inspection_role": "left",
      "file": "frames/02-left_orbit.png",
      "sha256": "9a8b91dc49ddfb49fecf1b016f13bf2a7da9955491603012594c5887f04e83c8",
      "camera_to_world": [
        [
          0.048505861312150955, 0.37731364369392395, -0.9248143434524536,
          9.477813720703125
        ],
        [
          0.9988228678703308, -0.018323492258787155, 0.04491178318858147,
          0.603949248790741
        ],
        [-0.0, -0.9259042143821716, -0.37775832414627075, 0.699999988079071],
        [0.0, 0.0, 0.0, 1.0]
      ],
      "source": "service-rendered-inspection-view",
      "seed_projection_preflight": {
        "finite": true,
        "visible_seed_fraction": 0.9780564263322884,
        "seed_center_depth": 1.5029137134552002
      }
    },
    {
      "frame_index": 3,
      "view_id": "right_orbit",
      "inspection_role": "right",
      "file": "frames/03-right_orbit.png",
      "sha256": "c65d60faf171f73a89d37e0af9b573ac86dfb25d1089f7f0d4a673499e3daee8",
      "camera_to_world": [
        [
          -0.048505861312150955, -0.37731364369392395, 0.9248143434524536,
          6.6922607421875
        ],
        [
          -0.9988228678703308, 0.018323492258787155, -0.04491178318858147,
          0.7392241358757019
        ],
        [0.0, -0.9259042143821716, -0.37775832414627075, 0.699999988079071],
        [0.0, 0.0, 0.0, 1.0]
      ],
      "source": "service-rendered-inspection-view",
      "seed_projection_preflight": {
        "finite": true,
        "visible_seed_fraction": 0.9780564263322884,
        "seed_center_depth": 1.5008634328842163
      }
    },
    {
      "frame_index": 4,
      "view_id": "top",
      "inspection_role": "top",
      "file": "frames/04-top.png",
      "sha256": "32e8277fb5deba68723ee3dacc48d39e440bb8f9f1ed7e67a7fa19f705593b63",
      "camera_to_world": [
        [1.0, 0.0, 0.0, 8.085037231445312],
        [-0.0, -1.0, 0.0, 0.6715866923332214],
        [0.0, -0.0, -1.0, 1.5255115032196045],
        [0.0, 0.0, 0.0, 1.0]
      ],
      "source": "service-rendered-inspection-view",
      "seed_projection_preflight": {
        "finite": true,
        "visible_seed_fraction": 0.9780564263322884,
        "seed_center_depth": 1.3835173845291138
      }
    },
    {
      "frame_index": 5,
      "view_id": "bottom",
      "inspection_role": "bottom",
      "file": "frames/05-bottom.png",
      "sha256": "9d951998de657a081da96d7ca32c216047460e02716ebc4b2652b57365033d8a",
      "camera_to_world": [
        [-1.0, 0.0, 0.0, 8.085037231445312],
        [0.0, -1.0, 0.0, 0.6715866923332214],
        [0.0, 0.0, 1.0, -1.2633247375488281],
        [0.0, 0.0, 0.0, 1.0]
      ],
      "source": "service-rendered-inspection-view",
      "seed_projection_preflight": {
        "finite": true,
        "visible_seed_fraction": 0.9780564263322884,
        "seed_center_depth": 1.405319094657898
      }
    },
    {
      "frame_index": 6,
      "view_id": "oblique",
      "inspection_role": "oblique",
      "file": "frames/06-oblique.png",
      "sha256": "5ef07c9debad9a3ffc01f765a39cd9c28dfecb4783d6e55f72d0e453ff529de9",
      "camera_to_world": [
        [
          0.7405734062194824, 0.43756452202796936, -0.5099886059761047,
          9.022051811218262
        ],
        [
          0.6719754934310913, -0.48223283886909485, 0.5620502829551697,
          -0.3610820472240448
        ],
        [-0.0, -0.7589393854141235, -0.6511614322662354, 1.3274881839752197],
        [0.0, 0.0, 0.0, 1.0]
      ],
      "source": "service-rendered-inspection-view",
      "seed_projection_preflight": {
        "finite": true,
        "visible_seed_fraction": 1.0,
        "seed_center_depth": 1.8502265214920044
      }
    }
  ],
  "contact_sheet": {
    "file": "contact-sheet.png",
    "sha256": "41d790a00a5e8571faa4e7279e171ba5a6af3cb5c215edf3c7a579e9a29b1ede"
  }
}
