{
  "schema_version": 1,
  "status": "candidate-frame-set-mask-validation-pending",
  "frame_set_version": "frame-set-v1",
  "render_config_version": "frame-set-1008-v1",
  "target_id": "clothes_rack",
  "source_ply": "/home/ubuntu/wormh01e/gaussian/office/lixel/filtered_lixel_office65.ply",
  "resolution": [1008, 1008],
  "horizontal_fov_degrees": 55.0,
  "anchor_frame_index": 1,
  "frames": [
    {
      "frame_index": 0,
      "candidate_id": "ring-11",
      "category": "ring",
      "file": "frames/000-ring-11.png",
      "camera_to_world": [
        [
          0.6909027695655823, -0.1048574447631836, 0.7153029441833496,
          5.298543453216553
        ],
        [
          -0.7229476571083069, -0.10020960122346878, 0.6835969090461731,
          -1.1621075868606567
        ],
        [0.0, -0.989425539970398, -0.1450415402650833, 1.2000000476837158],
        [0.0, 0.0, 0.0, 1.0]
      ],
      "sha256": "579ec9aa0b5df8cd16404553eab21c662b8d4fff57f0741a127056b1bc726089",
      "source": "service-rendered-generated-view"
    },
    {
      "frame_index": 1,
      "candidate_id": "anchor",
      "category": "anchor",
      "file": "frames/001-anchor.png",
      "camera_to_world": [
        [
          0.9706048965454102, -0.032923851162195206, 0.2384159117937088,
          6.429999828338623
        ],
        [
          -0.24067844450473785, -0.13277487456798553, 0.9614805579185486,
          -1.850000023841858
        ],
        [0.0, -0.9905993342399597, -0.1367960125207901, 1.2000000476837158],
        [0.0, 0.0, 0.0, 1.0]
      ],
      "sha256": "322399367cbfc3950b399604c48eed7b6f614305f9241f3b56def92be4f9fe7d",
      "source": "frozen-anchor-image"
    },
    {
      "frame_index": 2,
      "candidate_id": "upper-00",
      "category": "upper",
      "file": "frames/002-upper-00.png",
      "camera_to_world": [
        [
          0.9598131775856018, -0.1403198540210724, 0.24304109811782837,
          6.429999828338623
        ],
        [
          -0.2806396782398224, -0.4799066483974457, 0.8312225937843323,
          -1.8500001430511475
        ],
        [0.0, -0.8660253882408142, -0.5000000596046448, 2.301912307739258],
        [0.0, 0.0, 0.0, 1.0]
      ],
      "sha256": "0589735dfb1d97cd8fec9a8fd7f294d79da0e83dbcaee9318e33e1a5298ab81b",
      "source": "service-rendered-generated-view"
    },
    {
      "frame_index": 3,
      "candidate_id": "ring-01",
      "category": "ring",
      "file": "frames/003-ring-01.png",
      "camera_to_world": [
        [
          0.971542477607727, 0.03435533121228218, -0.23436076939105988,
          7.7538161277771
        ],
        [
          0.23686549067497253, -0.14091400802135468, 0.961268961429596,
          -1.8800045251846313
        ],
        [-0.0, -0.9894255995750427, -0.14504152536392212, 1.2000000476837158],
        [0.0, 0.0, 0.0, 1.0]
      ],
      "sha256": "1fdd76e033934b1c383f2d64a7e5ea4983f1be7f6993d88b52a45f176353b36f",
      "source": "service-rendered-generated-view"
    },
    {
      "frame_index": 4,
      "candidate_id": "ring-02",
      "category": "ring",
      "file": "frames/004-ring-02.png",
      "camera_to_world": [
        [
          0.7229477763175964, 0.10020960122346878, -0.6835967898368835,
          8.915276527404785
        ],
        [
          0.6909027099609375, -0.10485746711492538, 0.7153030037879944,
          -1.2440807819366455
        ],
        [-0.0, -0.9894255995750427, -0.1450415551662445, 1.2000000476837158],
        [0.0, 0.0, 0.0, 1.0]
      ],
      "sha256": "556b747bccd7946ffaef25dbb57d56d87b618a8cba4eeb8d4c4c63fbf0cf4196",
      "source": "service-rendered-generated-view"
    },
    {
      "frame_index": 5,
      "candidate_id": "ring-03",
      "category": "ring",
      "file": "frames/005-ring-03.png",
      "camera_to_world": [
        [
          0.2806397080421448, 0.13921278715133667, -0.9496636986732483,
          9.603169441223145
        ],
        [
          0.9598131775856018, -0.04070441424846649, 0.27767208218574524,
          -0.11262442171573639
        ],
        [-0.0, -0.989425539970398, -0.1450415402650833, 1.2000000476837158],
        [0.0, 0.0, 0.0, 1.0]
      ],
      "sha256": "329a21a55f5eb84d53cbae68b3a652d4caa196b42d17864522d48252d10a8421",
      "source": "service-rendered-generated-view"
    },
    {
      "frame_index": 6,
      "candidate_id": "upper-01",
      "category": "upper",
      "file": "frames/006-upper-01.png",
      "camera_to_world": [
        [
          0.2806396782398224, 0.4799066483974457, -0.8312225937843323,
          9.603169441223145
        ],
        [
          0.9598131775856018, -0.1403198540210724, 0.24304109811782837,
          -0.11262442171573639
        ],
        [-0.0, -0.8660253882408142, -0.5000000596046448, 2.301912307739258],
        [0.0, 0.0, 0.0, 1.0]
      ],
      "sha256": "eb37988a8e84e151a1c02614ebff30e4ad837a3f65c67a4da31f84ccb181faca",
      "source": "service-rendered-generated-view"
    }
  ]
}
