{
  "schema_version": 1,
  "purpose": "preview candidates; not an accepted Frame Set",
  "policy_version": "generated-view-policy-v1",
  "render_config_version": "preview-512-v2-anchor-radius",
  "source_ply": "/home/ubuntu/wormh01e/gaussian/office/lixel/filtered_lixel_office65.ply",
  "target_id": "clothes_rack",
  "resolution": [512, 512],
  "horizontal_fov_degrees": 55.0,
  "seed_region": {
    "mask_pixels": 13458,
    "contributing_gaussians": 3611,
    "retained_gaussians": 1658,
    "center": [7.147896814378127, 0.6052725040262409, 0.8250077806847825],
    "weighted_q05": [
      7.025524616241455, 0.43458306789398193, 0.04050365835428238
    ],
    "weighted_q95": [7.250863075256348, 0.6192961931228638, 1.6382355690002441],
    "extent": [0.22533845901489258, 0.18471312522888184, 1.5977319106459618]
  },
  "candidates": [
    {
      "id": "anchor",
      "category": "anchor",
      "camera_to_world": [
        [
          0.9706048965454102, -0.032923851162195206, 0.2384159117937088,
          6.429999828338623
        ],
        [
          -0.24067844450473785, -0.13277487456798553, 0.9614805579185486,
          -1.850000023841858
        ],
        [0.0, -0.9905993342399597, -0.1367960125207901, 1.2000000476837158],
        [0.0, 0.0, 0.0, 1.0]
      ],
      "azimuth_degrees": null,
      "preflight": {
        "finite": true,
        "visible_seed_fraction": 1.0,
        "center_depth": 2.664999840200924,
        "camera_distance": 2.6674976348876953,
        "inside_seed_sphere": false,
        "status": "pass"
      },
      "file": "frames/anchor.png",
      "render_status": "rendered"
    },
    {
      "id": "ring-01",
      "category": "ring",
      "camera_to_world": [
        [
          0.971542477607727, 0.03435533121228218, -0.23436076939105988,
          7.7538161277771
        ],
        [
          0.23686549067497253, -0.14091400802135468, 0.961268961429596,
          -1.8800045251846313
        ],
        [-0.0, -0.9894255995750427, -0.14504152536392212, 1.2000000476837158],
        [0.0, 0.0, 0.0, 1.0]
      ],
      "azimuth_degrees": 283.70161311826007,
      "preflight": {
        "finite": true,
        "visible_seed_fraction": 1.0,
        "center_depth": 2.655792613738342,
        "camera_distance": 2.6568803787231445,
        "inside_seed_sphere": false,
        "status": "pass"
      },
      "file": "frames/ring-01.png",
      "render_status": "rendered"
    },
    {
      "id": "ring-02",
      "category": "ring",
      "camera_to_world": [
        [
          0.7229477763175964, 0.10020960122346878, -0.6835967898368835,
          8.915276527404785
        ],
        [
          0.6909027099609375, -0.10485746711492538, 0.7153030037879944,
          -1.2440807819366455
        ],
        [-0.0, -0.9894255995750427, -0.1450415551662445, 1.2000000476837158],
        [0.0, 0.0, 0.0, 1.0]
      ],
      "azimuth_degrees": 313.70161311826007,
      "preflight": {
        "finite": true,
        "visible_seed_fraction": 0.9794933655006032,
        "center_depth": 2.6239929654361056,
        "camera_distance": 2.62575364112854,
        "inside_seed_sphere": false,
        "status": "pass"
      },
      "file": "frames/ring-02.png",
      "render_status": "rendered"
    },
    {
      "id": "ring-03",
      "category": "ring",
      "camera_to_world": [
        [
          0.2806397080421448, 0.13921278715133667, -0.9496636986732483,
          9.603169441223145
        ],
        [
          0.9598131775856018, -0.04070441424846649, 0.27767208218574524,
          -0.11262442171573639
        ],
        [-0.0, -0.989425539970398, -0.1450415402650833, 1.2000000476837158],
        [0.0, 0.0, 0.0, 1.0]
      ],
      "azimuth_degrees": 343.70161311826007,
      "preflight": {
        "finite": true,
        "visible_seed_fraction": 0.97708082026538,
        "center_depth": 2.5798467997544243,
        "camera_distance": 2.5819201469421387,
        "inside_seed_sphere": false,
        "status": "pass"
      },
      "file": "frames/ring-03.png",
      "render_status": "rendered"
    },
    {
      "id": "ring-04",
      "category": "ring",
      "camera_to_world": [
        [
          -0.23686549067497253, 0.14091400802135468, -0.961268961429596,
          9.633173942565918
        ],
        [
          0.971542477607727, 0.03435533121228218, -0.23436076939105988,
          1.2111918926239014
        ],
        [0.0, -0.9894255995750427, -0.14504152536392212, 1.2000000476837158],
        [0.0, 0.0, 0.0, 1.0]
      ],
      "azimuth_degrees": 13.701613118260076,
      "preflight": {
        "finite": true,
        "visible_seed_fraction": 0.97708082026538,
        "center_depth": 2.5351838554693273,
        "camera_distance": 2.536802291870117,
        "inside_seed_sphere": false,
        "status": "pass"
      },
      "file": "frames/ring-04.png",
      "render_status": "rendered"
    },
    {
      "id": "ring-05",
      "category": "ring",
      "camera_to_world": [
        [
          -0.6909026503562927, 0.1048574447631836, -0.7153030633926392,
          8.9972505569458
        ],
        [
          0.7229477763175964, 0.10020957142114639, -0.6835967898368835,
          2.372652530670166
        ],
        [0.0, -0.989425539970398, -0.14504152536392212, 1.2000000476837158],
        [0.0, 0.0, 0.0, 1.0]
      ],
      "azimuth_degrees": 43.70161311826007,
      "preflight": {
        "finite": true,
        "visible_seed_fraction": 0.97708082026538,
        "center_depth": 2.501970120837097,
        "camera_distance": 2.502723455429077,
        "inside_seed_sphere": false,
        "status": "pass"
      },
      "file": "frames/ring-05.png",
      "render_status": "rendered"
    },
    {
      "id": "ring-06",
      "category": "ring",
      "camera_to_world": [
        [
          -0.9598131775856018, 0.04070441424846649, -0.27767208218574524,
          7.865793704986572
        ],
        [
          0.2806397080421448, 0.13921278715133667, -0.9496636986732483,
          3.0605452060699463
        ],
        [0.0, -0.989425539970398, -0.1450415402650833, 1.2000000476837158],
        [0.0, 0.0, 0.0, 1.0]
      ],
      "azimuth_degrees": 73.70161311826008,
      "preflight": {
        "finite": true,
        "visible_seed_fraction": 0.9794933655006032,
        "center_depth": 2.489106324341517,
        "camera_distance": 2.489398717880249,
        "inside_seed_sphere": false,
        "status": "pass"
      },
      "file": "frames/ring-06.png",
      "render_status": "rendered"
    },
    {
      "id": "ring-07",
      "category": "ring",
      "camera_to_world": [
        [
          -0.971542477607727, -0.03435533866286278, 0.23436078429222107,
          6.541977405548096
        ],
        [
          -0.23686552047729492, 0.14091402292251587, -0.9612689018249512,
          3.0905494689941406
        ],
        [0.0, -0.9894255995750427, -0.1450415402650833, 1.2000000476837158],
        [0.0, 0.0, 0.0, 1.0]
      ],
      "azimuth_degrees": 103.70161311826007,
      "preflight": {
        "finite": true,
        "visible_seed_fraction": 0.97708082026538,
        "center_depth": 2.500038760251126,
        "camera_distance": 2.5007271766662598,
        "inside_seed_sphere": false,
        "status": "pass"
      },
      "file": "frames/ring-07.png",
      "render_status": "rendered"
    },
    {
      "id": "ring-08",
      "category": "ring",
      "camera_to_world": [
        [
          -0.7229476571083069, -0.10020960867404938, 0.6835969686508179,
          5.380516529083252
        ],
        [
          -0.690902829170227, 0.1048574447631836, -0.7153029441833496,
          2.4546258449554443
        ],
        [0.0, -0.9894256591796875, -0.1450415402650833, 1.2000000476837158],
        [0.0, 0.0, 0.0, 1.0]
      ],
      "azimuth_degrees": 133.70161311826007,
      "preflight": {
        "finite": true,
        "visible_seed_fraction": 0.97708082026538,
        "center_depth": 2.5318381912046917,
        "camera_distance": 2.533390760421753,
        "inside_seed_sphere": false,
        "status": "pass"
      },
      "file": "frames/ring-08.png",
      "render_status": "rendered"
    },
    {
      "id": "ring-09",
      "category": "ring",
      "camera_to_world": [
        [
          -0.2806397080421448, -0.13921278715133667, 0.9496636986732483,
          4.692624092102051
        ],
        [
          -0.9598131775856018, 0.04070441424846649, -0.27767208218574524,
          1.323169469833374
        ],
        [0.0, -0.989425539970398, -0.1450415402650833, 1.2000000476837158],
        [0.0, 0.0, 0.0, 1.0]
      ],
      "azimuth_degrees": 163.70161311826007,
      "preflight": {
        "finite": true,
        "visible_seed_fraction": 0.97708082026538,
        "center_depth": 2.575984256424089,
        "camera_distance": 2.578049421310425,
        "inside_seed_sphere": false,
        "status": "pass"
      },
      "file": "frames/ring-09.png",
      "render_status": "rendered"
    },
    {
      "id": "ring-10",
      "category": "ring",
      "camera_to_world": [
        [
          0.23686549067497253, -0.14091400802135468, 0.961268961429596,
          4.662619590759277
        ],
        [
          -0.971542477607727, -0.03435533121228218, 0.23436076939105988,
          -0.0006468298961408436
        ],
        [0.0, -0.9894255995750427, -0.14504152536392212, 1.2000000476837158],
        [0.0, 0.0, 0.0, 1.0]
      ],
      "azimuth_degrees": 193.70161311826004,
      "preflight": {
        "finite": true,
        "visible_seed_fraction": 0.9794933655006032,
        "center_depth": 2.6206479682201254,
        "camera_distance": 2.6224582195281982,
        "inside_seed_sphere": false,
        "status": "pass"
      },
      "file": "frames/ring-10.png",
      "render_status": "rendered"
    },
    {
      "id": "ring-11",
      "category": "ring",
      "camera_to_world": [
        [
          0.6909027695655823, -0.1048574447631836, 0.7153029441833496,
          5.298543453216553
        ],
        [
          -0.7229476571083069, -0.10020960122346878, 0.6835969090461731,
          -1.1621075868606567
        ],
        [0.0, -0.989425539970398, -0.1450415402650833, 1.2000000476837158],
        [0.0, 0.0, 0.0, 1.0]
      ],
      "azimuth_degrees": 223.70161311826007,
      "preflight": {
        "finite": true,
        "visible_seed_fraction": 1.0,
        "center_depth": 2.6538614073037756,
        "camera_distance": 2.6550004482269287,
        "inside_seed_sphere": false,
        "status": "pass"
      },
      "file": "frames/ring-11.png",
      "render_status": "rendered"
    },
    {
      "id": "upper-00",
      "category": "upper",
      "camera_to_world": [
        [
          0.9598131775856018, -0.1403198540210724, 0.24304109811782837,
          6.429999828338623
        ],
        [
          -0.2806396782398224, -0.4799066483974457, 0.8312225937843323,
          -1.8500001430511475
        ],
        [0.0, -0.8660253882408142, -0.5000000596046448, 2.301912307739258],
        [0.0, 0.0, 0.0, 1.0]
      ],
      "azimuth_degrees": 253.70161311826007,
      "preflight": {
        "finite": true,
        "visible_seed_fraction": 0.9849215922798552,
        "center_depth": 3.0056977182069566,
        "camera_distance": 3.0070347785949707,
        "inside_seed_sphere": false,
        "status": "pass"
      },
      "file": "frames/upper-00.png",
      "render_status": "rendered"
    },
    {
      "id": "upper-01",
      "category": "upper",
      "camera_to_world": [
        [
          0.2806396782398224, 0.4799066483974457, -0.8312225937843323,
          9.603169441223145
        ],
        [
          0.9598131775856018, -0.1403198540210724, 0.24304109811782837,
          -0.11262442171573639
        ],
        [-0.0, -0.8660253882408142, -0.5000000596046448, 2.301912307739258],
        [0.0, 0.0, 0.0, 1.0]
      ],
      "azimuth_degrees": 343.70161311826007,
      "preflight": {
        "finite": true,
        "visible_seed_fraction": 0.97708082026538,
        "center_depth": 2.9296545985987805,
        "camera_distance": 2.9313864707946777,
        "inside_seed_sphere": false,
        "status": "pass"
      },
      "file": "frames/upper-01.png",
      "render_status": "rendered"
    },
    {
      "id": "upper-02",
      "category": "upper",
      "camera_to_world": [
        [
          -0.9598131775856018, 0.1403198540210724, -0.24304109811782837,
          7.865793704986572
        ],
        [
          0.2806396782398224, 0.4799066483974457, -0.8312225937843323,
          3.0605452060699463
        ],
        [0.0, -0.8660253882408142, -0.5000000596046448, 2.301912307739258],
        [0.0, 0.0, 0.0, 1.0]
      ],
      "azimuth_degrees": 73.70161311826008,
      "preflight": {
        "finite": true,
        "visible_seed_fraction": 0.9788902291917974,
        "center_depth": 2.850230717512435,
        "camera_distance": 2.850231647491455,
        "inside_seed_sphere": false,
        "status": "pass"
      },
      "file": "frames/upper-02.png",
      "render_status": "rendered"
    },
    {
      "id": "upper-03",
      "category": "upper",
      "camera_to_world": [
        [
          -0.2806396782398224, -0.4799066483974457, 0.8312225937843323,
          4.692624092102051
        ],
        [
          -0.9598131775856018, 0.1403198540210724, -0.24304109811782837,
          1.323169469833374
        ],
        [0.0, -0.8660253882408142, -0.5000000596046448, 2.301912307739258],
        [0.0, 0.0, 0.0, 1.0]
      ],
      "azimuth_degrees": 163.70161311826007,
      "preflight": {
        "finite": true,
        "visible_seed_fraction": 0.97708082026538,
        "center_depth": 2.9262739563299,
        "camera_distance": 2.9279778003692627,
        "inside_seed_sphere": false,
        "status": "pass"
      },
      "file": "frames/upper-03.png",
      "render_status": "rendered"
    },
    {
      "id": "replacement-00",
      "category": "replacement",
      "camera_to_world": [
        [
          0.9997432231903076, -0.0038203818257898092, 0.0223347507417202,
          7.078351020812988
        ],
        [
          -0.02265913598239422, -0.1685589849948883, 0.9854310750961304,
          -2.463153839111328
        ],
        [0.0, -0.9856841564178467, -0.16860227286815643, 1.350000023841858],
        [0.0, 0.0, 0.0, 1.0]
      ],
      "azimuth_degrees": 268.70161311826007,
      "preflight": {
        "finite": true,
        "visible_seed_fraction": 1.0,
        "center_depth": 3.1910331277804502,
        "camera_distance": 3.191779851913452,
        "inside_seed_sphere": false,
        "status": "pass"
      },
      "file": "frames/replacement-00.png",
      "render_status": "rendered"
    },
    {
      "id": "replacement-01",
      "category": "replacement",
      "camera_to_world": [
        [
          0.7229476571083069, 0.1164877638220787, -0.6810119152069092,
          9.268425941467285
        ],
        [
          0.690902829170227, -0.1218905970454216, 0.7125980257987976,
          -1.6136090755462646
        ],
        [-0.0, -0.9856840968132019, -0.16860224306583405, 1.350000023841858],
        [0.0, 0.0, 0.0, 1.0]
      ],
      "azimuth_degrees": 313.70161311826007,
      "preflight": {
        "finite": true,
        "visible_seed_fraction": 0.9794933655006032,
        "center_depth": 3.1509796662437743,
        "camera_distance": 3.152462959289551,
        "inside_seed_sphere": false,
        "status": "pass"
      },
      "file": "frames/replacement-01.png",
      "render_status": "rendered"
    },
    {
      "id": "replacement-02",
      "category": "replacement",
      "camera_to_world": [
        [
          0.022659195587038994, 0.1685589998960495, -0.9854310750961304,
          10.216322898864746
        ],
        [
          0.9997432231903076, -0.0038203923031687737, 0.022334810346364975,
          0.5357266068458557
        ],
        [-0.0, -0.9856841564178467, -0.16860228776931763, 1.350000023841858],
        [0.0, 0.0, 0.0, 1.0]
      ],
      "azimuth_degrees": 358.70161311826007,
      "preflight": {
        "finite": true,
        "visible_seed_fraction": 0.97708082026538,
        "center_depth": 3.0840353799657088,
        "camera_distance": 3.0856316089630127,
        "inside_seed_sphere": false,
        "status": "pass"
      },
      "file": "frames/replacement-02.png",
      "render_status": "rendered"
    },
    {
      "id": "replacement-03",
      "category": "replacement",
      "camera_to_world": [
        [
          -0.6909027099609375, 0.12189062684774399, -0.7125981450080872,
          9.366778373718262
        ],
        [
          0.7229477167129517, 0.1164877638220787, -0.6810119152069092,
          2.7258012294769287
        ],
        [0.0, -0.9856842160224915, -0.16860227286815643, 1.350000023841858],
        [0.0, 0.0, 0.0, 1.0]
      ],
      "azimuth_degrees": 43.70161311826009,
      "preflight": {
        "finite": true,
        "visible_seed_fraction": 0.9794933655006032,
        "center_depth": 3.029417199258223,
        "camera_distance": 3.0300140380859375,
        "inside_seed_sphere": false,
        "status": "pass"
      },
      "file": "frames/replacement-03.png",
      "render_status": "rendered"
    },
    {
      "id": "replacement-04",
      "category": "replacement",
      "camera_to_world": [
        [
          -0.9997432231903076, 0.0038203818257898092, -0.0223347507417202,
          7.217442512512207
        ],
        [
          0.02265913598239422, 0.1685589849948883, -0.9854310750961304,
          3.673698902130127
        ],
        [0.0, -0.9856841564178467, -0.16860227286815643, 1.350000023841858],
        [0.0, 0.0, 0.0, 1.0]
      ],
      "azimuth_degrees": 88.7016131182601,
      "preflight": {
        "finite": true,
        "visible_seed_fraction": 0.9794933655006032,
        "center_depth": 3.0191187918522218,
        "camera_distance": 3.019412040710449,
        "inside_seed_sphere": false,
        "status": "pass"
      },
      "file": "frames/replacement-04.png",
      "render_status": "rendered"
    },
    {
      "id": "replacement-05",
      "category": "replacement",
      "camera_to_world": [
        [
          -0.7229477167129517, -0.1164877638220787, 0.6810119152069092,
          5.027368068695068
        ],
        [
          -0.6909027099609375, 0.12189062684774399, -0.7125981450080872,
          2.8241541385650635
        ],
        [0.0, -0.9856842160224915, -0.16860227286815643, 1.350000023841858],
        [0.0, 0.0, 0.0, 1.0]
      ],
      "azimuth_degrees": 133.70161311826007,
      "preflight": {
        "finite": true,
        "visible_seed_fraction": 0.97708082026538,
        "center_depth": 3.059172891488494,
        "camera_distance": 3.060439348220825,
        "inside_seed_sphere": false,
        "status": "pass"
      },
      "file": "frames/replacement-05.png",
      "render_status": "rendered"
    },
    {
      "id": "replacement-06",
      "category": "replacement",
      "camera_to_world": [
        [
          -0.022659191861748695, -0.1685589700937271, 0.9854310750961304,
          4.079470157623291
        ],
        [
          -0.9997432231903076, 0.0038203909061849117, -0.022334806621074677,
          0.6748184561729431
        ],
        [0.0, -0.9856841564178467, -0.16860225796699524, 1.350000023841858],
        [0.0, 0.0, 0.0, 1.0]
      ],
      "azimuth_degrees": 178.70161311826007,
      "preflight": {
        "finite": true,
        "visible_seed_fraction": 0.9794933655006032,
        "center_depth": 3.1261167299748953,
        "camera_distance": 3.1278085708618164,
        "inside_seed_sphere": false,
        "status": "pass"
      },
      "file": "frames/replacement-06.png",
      "render_status": "rendered"
    },
    {
      "id": "replacement-07",
      "category": "replacement",
      "camera_to_world": [
        [
          0.6909027099609375, -0.12189062684774399, 0.7125981450080872,
          4.929015159606934
        ],
        [
          -0.7229477167129517, -0.1164877638220787, 0.6810119152069092,
          -1.5152562856674194
        ],
        [0.0, -0.9856842160224915, -0.16860227286815643, 1.350000023841858],
        [0.0, 0.0, 0.0, 1.0]
      ],
      "azimuth_degrees": 223.70161311826007,
      "preflight": {
        "finite": true,
        "visible_seed_fraction": 1.0,
        "center_depth": 3.1807345080834715,
        "camera_distance": 3.1817171573638916,
        "inside_seed_sphere": false,
        "status": "pass"
      },
      "file": "frames/replacement-07.png",
      "render_status": "rendered"
    }
  ]
}
